﻿Account Statement for 237476895 (jcpacc06) since 1/7/24 through 1/13/24

Cash Balance
DATE,TIME,TYPE,REF #,DESCRIPTION,Misc Fees,Commissions & Fees,AMOUNT,BALANCE
1/7/24,01:00:00,BAL,,Cash balance at the start of business day 07.01 CST,,,,"32,138.65"
1/8/24,01:00:00,BAL,,Cash balance at the start of business day 08.01 CST,,,,"32,138.65"
1/9/24,01:00:00,BAL,,Cash balance at the start of business day 09.01 CST,,,,"32,138.65"
1/9/24,09:36:59,TRD,6594056130,BOT +1 AMR @368.23,,,-368.23,"31,770.42"
1/9/24,10:21:56,TRD,6594348629,BOT +5 GBTC @39.27,,-6.95,-196.35,"31,567.12"
1/9/24,10:21:56,TRD,6594348629,BOT +5 GBTC @39.27,,,-196.35,"31,370.77"
1/9/24,10:22:23,TRD,6594348695,BOT +10 GBTC @39.28,,-6.95,-392.80,"30,971.02"
1/9/24,10:22:41,TRD,6594354405,BOT +5 GBTC @39.27,,-6.95,-196.35,"30,767.72"
1/9/24,10:22:49,TRD,6594354441,SOLD -5 GBTC @39.27,-0.01,-6.95,196.35,"30,957.11"
1/9/24,10:22:50,TRD,6594354442,SOLD -5 GBTC @39.27,-0.01,-6.95,196.35,"31,146.50"
1/10/24,00:45:00,ADJ,6596868326,Courtesy Credit,,,0.02,"31,146.52"
1/10/24,01:00:00,BAL,,Cash balance at the start of business day 10.01 CST,,,,"31,146.52"
1/10/24,09:30:53,TRD,6594354470,SOLD -15 GBTC @38.02,-0.01,-6.95,570.30,"31,709.86"
1/10/24,09:34:57,TRD,6595870454,BOT +1 HOV @165.05,,,-165.05,"31,544.81"
1/10/24,09:34:57,TRD,6595870454,BOT +1 HOV @165.05,,,-165.05,"31,379.76"
1/11/24,00:45:00,ADJ,6598914105,Courtesy Credit,,,0.01,"31,379.77"
1/11/24,01:00:00,BAL,,Cash balance at the start of business day 11.01 CST,,,,"31,379.77"
1/11/24,09:31:23,TRD,6597764337,BOT +5 PDD @152.51,,,-762.55,"30,617.22"
1/11/24,09:32:45,TRD,6597779237,BOT +10 BHVN @45.19,,,-451.90,"30,165.32"
1/11/24,09:33:21,TRD,6597785835,SOLD -3 BHVN @45.04,-0.01,,135.12,"30,300.43"
1/11/24,11:30:14,TRD,6597320029,SOLD -1 AMR @357.00,-0.01,,357.00,"30,657.42"
1/11/24,11:33:01,TRD,6598495204,BOT +1 AMR @357.63,,,-357.63,"30,299.79"
1/12/24,00:45:00,ADJ,6601290582,Courtesy Credit,,,0.02,"30,299.81"
1/12/24,01:00:00,BAL,,Cash balance at the start of business day 12.01 CST,,,,"30,299.81"
1/12/24,09:33:47,TRD,6599845677,BOT +10 INBX @37.48,,,-374.80,"29,925.01"
1/12/24,09:41:50,TRD,6599920243,SOLD -5 PDD @150.054,-0.01,,750.27,"30,675.27"
1/12/24,13:14:00,TRD,6599851915,SOLD -10 INBX @36.38,-0.01,,363.80,"31,039.06"
1/13/24,01:00:00,BAL,,Cash balance at the start of business day 13.01 CST,,,,"31,039.06"
,,,,TOTAL,($0.07),($41.70),"($1,057.82)","$31,039.06"

Futures Statements
Trade Date,Exec Date,Exec Time,Type,Ref #,Description,Misc Fees,Commissions & Fees,Amount,Balance

Forex Statements
,Date,Time,Type,Ref #,Description,Commissions & Fees,Amount,Amount(USD),Balance

 
"Total Cash $31,039.07"


Account Order History
Notes,,Time Placed,Spread,Side,Qty,Pos Effect,Symbol,Exp,Strike,Type,PRICE,,TIF,Status
,,1/12/24 09:41:50,STOCK,SELL,-5,TO CLOSE,PDD,,,STOCK,~,MKT,DAY,FILLED
,,,RE #6599920241,,,,,,,,,,,
,,1/12/24 09:41:50,STOCK,SELL,-100%,TO CLOSE,PDD,,,STOCK,~,MKT,DAY,TRIGGERED
,,1/12/24 09:41:11,STOCK,SELL,-5,TO CLOSE,PDD,,,STOCK,~,MKT,GTC,CANCELED
,,,RE #6597764366,,,,,,,,148.90,STP,STD,
,,1/12/24 09:33:59,STOCK,SELL,-10,TO CLOSE,INBX,,,STOCK,~,MKT,GTC,FILLED
,,,,,,,,,,,36.43,STP,STD,
,,1/12/24 09:33:47,STOCK,BUY,+10,TO OPEN,INBX,,,STOCK,37.48,LMT,DAY,FILLED
,,1/11/24 11:33:20,STOCK,SELL,-1,TO CLOSE,AMR,,,STOCK,~,MKT,GTC,WORKING
,,,,,,,,,,,330.11,STP,STD,
,,1/11/24 11:33:01,STOCK,BUY,+1,TO OPEN,AMR,,,STOCK,357.63,LMT,GTC,FILLED
,,,RE #6598495202,,,,,,,,,,,
,,1/11/24 11:32:54,STOCK,BUY,+1,TO OPEN,AMR,,,STOCK,357.13,LMT,GTC,CANCELED
,,1/11/24 09:33:46,STOCK,SELL,-7,TO CLOSE,BHVN,,,STOCK,~,MKT,GTC,WORKING
,,,,,,,,,,,42.39,STP,STD,
,,1/11/24 09:33:31,STOCK,SELL,-3,TO CLOSE,BHVN,,,STOCK,~,MKT,GTC,CANCELED
,,,,,,,,,,,42.44,STP,STD,
,,1/11/24 09:33:21,STOCK,SELL,-3,TO CLOSE,BHVN,,,STOCK,45.04,LMT,GTC,FILLED
,,1/11/24 09:33:15,STOCK,SELL,-3,TO CLOSE,BHVN,,,STOCK,45.09,LMT,GTC,CANCELED
,,,RE #6597779282,,,,,,,,,,,
,,1/11/24 09:33:14,STOCK,SELL,-3,TO CLOSE,BHVN,,,STOCK,45.14,LMT,GTC,CANCELED
,,,RE #6597779282,,,,,,,,,,,
,,1/11/24 09:33:13,STOCK,SELL,-3,TO CLOSE,BHVN,,,STOCK,45.19,LMT,GTC,CANCELED
,,,RE #6597779282,,,,,,,,,,,
,,1/11/24 09:33:09,STOCK,SELL,-3,TO CLOSE,BHVN,,,STOCK,45.24,LMT,GTC,CANCELED
,,,RE #6597779282,,,,,,,,,,,
,,1/11/24 09:33:08,STOCK,SELL,-3,TO CLOSE,BHVN,,,STOCK,45.19,LMT,GTC,CANCELED
,,,RE #6597779282,,,,,,,,,,,
,,1/11/24 09:33:06,STOCK,SELL,-3,TO CLOSE,BHVN,,,STOCK,45.24,LMT,GTC,CANCELED
,,,RE #6597779282,,,,,,,,,,,
,,1/11/24 09:33:04,STOCK,SELL,-3,TO CLOSE,BHVN,,,STOCK,45.29,LMT,GTC,CANCELED
,,1/11/24 09:32:45,STOCK,BUY,+10,TO OPEN,BHVN,,,STOCK,45.19,LMT,GTC,FILLED
,,,RE #6597779221,,,,,,,,,,,
,,1/11/24 09:32:38,STOCK,BUY,+10,TO OPEN,BHVN,,,STOCK,45.09,LMT,GTC,CANCELED
,,1/11/24 09:31:34,STOCK,SELL,-5,TO CLOSE,PDD,,,STOCK,~,MKT,GTC,CANCELED
,,,,,,,,,,,148.01,STP,STD,
,,1/11/24 09:31:23,STOCK,BUY,+5,TO OPEN,PDD,,,STOCK,152.51,LMT,DAY,FILLED
,,1/10/24 16:01:03,STOCK,SELL,-1,TO CLOSE,AMR,,,STOCK,~,MKT,GTC,FILLED
,,,RE #6594056175,,,,,,,,358.01,STP,STD,
,,1/10/24 09:35:12,STOCK,SELL,-2,TO CLOSE,HOV,,,STOCK,~,MKT,GTC,WORKING
,,,,,,,,,,,154.75,STP,STD,
,,1/10/24 09:34:52,STOCK,BUY,+2,TO OPEN,HOV,,,STOCK,165.05,LMT,DAY,FILLED
,,1/10/24 09:34:21,STOCK,BUY,+2,TO OPEN,HOV,,,STOCK,164.74,LMT,DAY,CANCELED
,,,RE #6595865507,,,,,,,,,,,
,,1/10/24 09:34:18,STOCK,BUY,+2,TO OPEN,HOV,,,STOCK,164.99,LMT,DAY,CANCELED
,,,RE #6595865507,,,,,,,,,,,
,,1/10/24 09:34:12,STOCK,BUY,+2,TO OPEN,HOV,,,STOCK,164.49,LMT,DAY,CANCELED
,,,RE #6595865507,,,,,,,,,,,
,,1/10/24 09:34:08,STOCK,BUY,+2,TO OPEN,HOV,,,STOCK,164.74,LMT,DAY,CANCELED
,,,RE #6595865507,,,,,,,,,,,
,,1/10/24 09:34:01,STOCK,BUY,+2,TO OPEN,HOV,,,STOCK,164.24,LMT,DAY,CANCELED
,,,RE #6595865507,,,,,,,,,,,
,,1/10/24 09:33:58,STOCK,BUY,+2,TO OPEN,HOV,,,STOCK,163.99,LMT,DAY,CANCELED
,,,RE #6595865507,,,,,,,,,,,
,,1/10/24 09:33:56,STOCK,BUY,+2,TO OPEN,HOV,,,STOCK,163.74,LMT,DAY,CANCELED
,,,RE #6595865507,,,,,,,,,,,
,,1/10/24 09:33:54,STOCK,BUY,+2,TO OPEN,HOV,,,STOCK,163.49,LMT,DAY,CANCELED
,,1/10/24 09:31:28,STOCK,SELL,-15,TO OPEN,GBTC,,,ETF,38.00,LMT,DAY,REJECTED: Clients are unable to place Short Sells for OTCBBN Securities.
,,1/10/24 09:31:25,STOCK,SELL,-15,TO OPEN,GBTC,,,ETF,38.01,LMT,DAY,REJECTED: Clients are unable to place Short Sells for OTCBBN Securities.
,,1/9/24 10:23:00,STOCK,SELL,-15,TO CLOSE,GBTC,,,ETF,~,MKT,GTC,FILLED
,,,,,,,,,,,38.02,STP,STD,
,,1/9/24 10:22:49,STOCK,SELL,-5,TO CLOSE,GBTC,,,ETF,39.27,LMT,GTC,FILLED
,,1/9/24 10:22:48,STOCK,SELL,-5,TO CLOSE,GBTC,,,ETF,39.27,LMT,GTC,FILLED
,,1/9/24 10:22:35,STOCK,BUY,+5,TO OPEN,GBTC,,,ETF,39.27,LMT,GTC,FILLED
,,1/9/24 10:22:23,STOCK,BUY,+10,TO OPEN,GBTC,,,ETF,39.28,LMT,GTC,FILLED
,,1/9/24 10:21:52,STOCK,BUY,+10,TO OPEN,GBTC,,,ETF,39.27,LMT,GTC,FILLED
,,1/9/24 09:37:18,STOCK,SELL,-1,TO CLOSE,AMR,,,STOCK,~,MKT,GTC,CANCELED
,,,,,,,,,,,349.83,STP,STD,
,,1/9/24 09:36:59,STOCK,BUY,+1,TO OPEN,AMR,,,STOCK,368.23,LMT,DAY,FILLED
,,,RE #6594056124,,,,,,,,,,,
,,1/9/24 09:36:55,STOCK,BUY,+1,TO OPEN,AMR,,,STOCK,367.88,LMT,DAY,CANCELED

Account Trade History
,Exec Time,Spread,Side,Qty,Pos Effect,Symbol,Exp,Strike,Type,Price,Net Price,Order Type
,1/12/24 13:14:00,STOCK,SELL,-10,TO CLOSE,INBX,,,STOCK,36.38,36.38,STP
,1/12/24 09:41:50,STOCK,SELL,-5,TO CLOSE,PDD,,,STOCK,150.0542,150.054,MKT
,1/12/24 09:33:47,STOCK,BUY,+10,TO OPEN,INBX,,,STOCK,37.48,37.48,LMT
,1/11/24 11:33:01,STOCK,BUY,+1,TO OPEN,AMR,,,STOCK,357.63,357.63,LMT
,1/11/24 11:30:14,STOCK,SELL,-1,TO CLOSE,AMR,,,STOCK,357.00,357.00,STP
,1/11/24 09:33:21,STOCK,SELL,-3,TO CLOSE,BHVN,,,STOCK,45.04,45.04,LMT
,1/11/24 09:32:45,STOCK,BUY,+10,TO OPEN,BHVN,,,STOCK,45.19,45.19,LMT
,1/11/24 09:31:23,STOCK,BUY,+5,TO OPEN,PDD,,,STOCK,152.51,152.51,LMT
,1/10/24 09:34:57,STOCK,BUY,+1,TO OPEN,HOV,,,STOCK,165.05,165.05,LMT
,1/10/24 09:34:57,STOCK,BUY,+1,TO OPEN,HOV,,,STOCK,165.05,165.05,LMT
,1/10/24 09:30:53,STOCK,SELL,-15,TO CLOSE,GBTC,,,ETF,38.02,38.02,STP
,1/9/24 10:22:50,STOCK,SELL,-5,TO CLOSE,GBTC,,,ETF,39.27,39.27,LMT
,1/9/24 10:22:49,STOCK,SELL,-5,TO CLOSE,GBTC,,,ETF,39.27,39.27,LMT
,1/9/24 10:22:41,STOCK,BUY,+5,TO OPEN,GBTC,,,ETF,39.27,39.27,LMT
,1/9/24 10:22:23,STOCK,BUY,+10,TO OPEN,GBTC,,,ETF,39.28,39.28,LMT
,1/9/24 10:21:56,STOCK,BUY,+5,TO OPEN,GBTC,,,ETF,39.27,39.27,LMT
,1/9/24 10:21:56,STOCK,BUY,+5,TO OPEN,GBTC,,,ETF,39.27,39.27,LMT
,1/9/24 09:36:59,STOCK,BUY,+1,TO OPEN,AMR,,,STOCK,368.23,368.23,LMT

Equities
Symbol,Description,Qty,Trade Price,Mark,Mark Value
BHVN,BIOHAVEN LTD COM,+7,45.19,45.05,$315.35
AMR,ALPHA METALLURGICAL RESOURCES COM,+1,357.63,368.00,$368.00
HOV,HOVNANIAN ENTERPRISES INC COM CL A,+2,165.05,161.05,$322.10
,OVERALL TOTALS,,,,"$1,005.45"

Profits and Losses
Symbol,Description,P/L Open,P/L %,P/L Day,Margin Req,Mark Value
AMR,ALPHA METALLURGICAL RESOURCES COM,($0.86),-0.23%,$0.00,$257.60,$368.00
BHVN,BIOHAVEN LTD COM,($0.98),-0.31%,($2.03),$157.68,$315.35
GBTC,GRAYSCALE BITCOIN TRUST BTC COM,$0.00,0.00%,$0.00,$0.00,$0.00
HOV,HOVNANIAN ENTERPRISES INC COM CL A,($8.00),-2.42%,$0.00,$161.05,$322.10
INBX,INHIBRX INC COM,$0.00,0.00%,$0.00,$0.00,$0.00
PDD,PDD HOLDINGS INC ADR,$0.00,0.00%,$0.00,$0.00,$0.00
,OVERALL TOTALS,($9.84),-0.97%,($2.03),$576.33,"$1,005.45"

Account Summary
Net Liquidating Value,"$32,044.52"
Stock Buying Power,"$65,467.32"
Option Buying Power,"$31,468.19"
Equity Commissions & Fees YTD,$41.77
Futures Commissions & Fees YTD,$0.00
Total Commissions & Fees YTD,$41.77
