﻿Account Statement for 237476895 (jcpacc06) since 1/11/24 through 1/16/24

Cash Balance
DATE,TIME,TYPE,REF #,DESCRIPTION,Misc Fees,Commissions & Fees,AMOUNT,BALANCE
1/11/24,01:00:00,BAL,,Cash balance at the start of business day 11.01 CST,,,,"31,379.77"
1/11/24,09:31:23,TRD,6597764337,BOT +5 PDD @152.51,,,-762.55,"30,617.22"
1/11/24,09:32:45,TRD,6597779237,BOT +10 BHVN @45.19,,,-451.90,"30,165.32"
1/11/24,09:33:21,TRD,6597785835,SOLD -3 BHVN @45.04,-0.01,,135.12,"30,300.43"
1/11/24,11:30:14,TRD,6597320029,SOLD -1 AMR @357.00,-0.01,,357.00,"30,657.42"
1/11/24,11:33:01,TRD,6598495204,BOT +1 AMR @357.63,,,-357.63,"30,299.79"
1/12/24,00:45:00,ADJ,6601290582,Courtesy Credit,,,0.02,"30,299.81"
1/12/24,01:00:00,BAL,,Cash balance at the start of business day 12.01 CST,,,,"30,299.81"
1/12/24,09:33:47,TRD,6599845677,BOT +10 INBX @37.48,,,-374.80,"29,925.01"
1/12/24,09:41:50,TRD,6599920243,SOLD -5 PDD @150.054,-0.01,,750.27,"30,675.27"
1/12/24,13:14:00,TRD,6599851915,SOLD -10 INBX @36.38,-0.01,,363.80,"31,039.06"
1/13/24,00:45:00,ADJ,6603330490,Courtesy Credit,,,0.01,"31,039.07"
1/13/24,01:00:00,BAL,,Cash balance at the start of business day 13.01 CST,,,,"31,039.07"
1/14/24,01:00:00,BAL,,Cash balance at the start of business day 14.01 CST,,,,"31,039.07"
1/15/24,01:00:00,BAL,,Cash balance at the start of business day 15.01 CST,,,,"31,039.07"
1/16/24,01:00:00,BAL,,Cash balance at the start of business day 16.01 CST,,,,"31,039.07"
1/16/24,09:34:54,TRD,6602141498,BOT +15 IMNM @13.20,,,-198.00,"30,841.07"
1/16/24,10:57:30,TRD,6602660271,SOLD -15 IMNM @14.58,-0.01,,218.70,"31,059.76"
1/16/24,11:08:15,TRD,6595876114,SOLD -2 HOV @154.01,-0.01,,308.02,"31,367.77"
,,,,TOTAL,($0.06),,($11.94),"$31,367.77"

Futures Statements
Trade Date,Exec Date,Exec Time,Type,Ref #,Description,Misc Fees,Commissions & Fees,Amount,Balance

Forex Statements
,Date,Time,Type,Ref #,Description,Commissions & Fees,Amount,Amount(USD),Balance

 
"Total Cash $31,367.77"


Account Order History
Notes,,Time Placed,Spread,Side,Qty,Pos Effect,Symbol,Exp,Strike,Type,PRICE,,TIF,Status
,,1/16/24 10:57:29,STOCK,SELL,-15,TO CLOSE,IMNM,,,STOCK,14.58,LMT,DAY,FILLED
,,,RE #6602660269,,,,,,,,,,,
,,1/16/24 10:57:26,STOCK,SELL,-15,TO CLOSE,IMNM,,,STOCK,14.63,LMT,DAY,CANCELED
,,1/16/24 09:36:13,STOCK,SELL,-15,TO CLOSE,IMNM,,,STOCK,~,MKT,GTC,CANCELED
,,,,,,,,,,,12.36,STP,STD,
,,1/16/24 09:35:42,STOCK,SELL,-15,TO CLOSE,IMNM,,,STOCK,14.46,LMT,GTC,CANCELED
,,1/16/24 09:34:53,STOCK,BUY,+15,TO OPEN,IMNM,,,STOCK,13.20,LMT,DAY,FILLED
,,1/16/24 09:34:45,STOCK,BUY,+15,TO OPEN,IMNM,,,STOCK,13.20,LMT,DAY,CANCELED
,,1/12/24 09:41:50,STOCK,SELL,-5,TO CLOSE,PDD,,,STOCK,~,MKT,DAY,FILLED
,,,RE #6599920241,,,,,,,,,,,
,,1/12/24 09:41:50,STOCK,SELL,-100%,TO CLOSE,PDD,,,STOCK,~,MKT,DAY,TRIGGERED
,,1/12/24 09:41:11,STOCK,SELL,-5,TO CLOSE,PDD,,,STOCK,~,MKT,GTC,CANCELED
,,,RE #6597764366,,,,,,,,148.90,STP,STD,
,,1/12/24 09:33:59,STOCK,SELL,-10,TO CLOSE,INBX,,,STOCK,~,MKT,GTC,FILLED
,,,,,,,,,,,36.43,STP,STD,
,,1/12/24 09:33:47,STOCK,BUY,+10,TO OPEN,INBX,,,STOCK,37.48,LMT,DAY,FILLED
,,1/11/24 11:33:20,STOCK,SELL,-1,TO CLOSE,AMR,,,STOCK,~,MKT,GTC,WORKING
,,,,,,,,,,,330.11,STP,STD,
,,1/11/24 11:33:01,STOCK,BUY,+1,TO OPEN,AMR,,,STOCK,357.63,LMT,GTC,FILLED
,,,RE #6598495202,,,,,,,,,,,
,,1/11/24 11:32:54,STOCK,BUY,+1,TO OPEN,AMR,,,STOCK,357.13,LMT,GTC,CANCELED
,,1/11/24 09:33:46,STOCK,SELL,-7,TO CLOSE,BHVN,,,STOCK,~,MKT,GTC,WORKING
,,,,,,,,,,,42.39,STP,STD,
,,1/11/24 09:33:31,STOCK,SELL,-3,TO CLOSE,BHVN,,,STOCK,~,MKT,GTC,CANCELED
,,,,,,,,,,,42.44,STP,STD,
,,1/11/24 09:33:21,STOCK,SELL,-3,TO CLOSE,BHVN,,,STOCK,45.04,LMT,GTC,FILLED
,,1/11/24 09:33:15,STOCK,SELL,-3,TO CLOSE,BHVN,,,STOCK,45.09,LMT,GTC,CANCELED
,,,RE #6597779282,,,,,,,,,,,
,,1/11/24 09:33:14,STOCK,SELL,-3,TO CLOSE,BHVN,,,STOCK,45.14,LMT,GTC,CANCELED
,,,RE #6597779282,,,,,,,,,,,
,,1/11/24 09:33:13,STOCK,SELL,-3,TO CLOSE,BHVN,,,STOCK,45.19,LMT,GTC,CANCELED
,,,RE #6597779282,,,,,,,,,,,
,,1/11/24 09:33:09,STOCK,SELL,-3,TO CLOSE,BHVN,,,STOCK,45.24,LMT,GTC,CANCELED
,,,RE #6597779282,,,,,,,,,,,
,,1/11/24 09:33:08,STOCK,SELL,-3,TO CLOSE,BHVN,,,STOCK,45.19,LMT,GTC,CANCELED
,,,RE #6597779282,,,,,,,,,,,
,,1/11/24 09:33:06,STOCK,SELL,-3,TO CLOSE,BHVN,,,STOCK,45.24,LMT,GTC,CANCELED
,,,RE #6597779282,,,,,,,,,,,
,,1/11/24 09:33:04,STOCK,SELL,-3,TO CLOSE,BHVN,,,STOCK,45.29,LMT,GTC,CANCELED
,,1/11/24 09:32:45,STOCK,BUY,+10,TO OPEN,BHVN,,,STOCK,45.19,LMT,GTC,FILLED
,,,RE #6597779221,,,,,,,,,,,
,,1/11/24 09:32:38,STOCK,BUY,+10,TO OPEN,BHVN,,,STOCK,45.09,LMT,GTC,CANCELED
,,1/11/24 09:31:34,STOCK,SELL,-5,TO CLOSE,PDD,,,STOCK,~,MKT,GTC,CANCELED
,,,,,,,,,,,148.01,STP,STD,
,,1/11/24 09:31:23,STOCK,BUY,+5,TO OPEN,PDD,,,STOCK,152.51,LMT,DAY,FILLED
,,1/10/24 16:01:03,STOCK,SELL,-1,TO CLOSE,AMR,,,STOCK,~,MKT,GTC,FILLED
,,,RE #6594056175,,,,,,,,358.01,STP,STD,
,,1/10/24 09:35:12,STOCK,SELL,-2,TO CLOSE,HOV,,,STOCK,~,MKT,GTC,FILLED
,,,,,,,,,,,154.75,STP,STD,
,,1/9/24 09:37:18,STOCK,SELL,-1,TO CLOSE,AMR,,,STOCK,~,MKT,GTC,CANCELED
,,,,,,,,,,,349.83,STP,STD,

Account Trade History
,Exec Time,Spread,Side,Qty,Pos Effect,Symbol,Exp,Strike,Type,Price,Net Price,Order Type
,1/16/24 11:08:15,STOCK,SELL,-2,TO CLOSE,HOV,,,STOCK,154.01,154.01,STP
,1/16/24 10:57:30,STOCK,SELL,-15,TO CLOSE,IMNM,,,STOCK,14.58,14.58,LMT
,1/16/24 09:34:54,STOCK,BUY,+15,TO OPEN,IMNM,,,STOCK,13.20,13.20,LMT
,1/12/24 13:14:00,STOCK,SELL,-10,TO CLOSE,INBX,,,STOCK,36.38,36.38,STP
,1/12/24 09:41:50,STOCK,SELL,-5,TO CLOSE,PDD,,,STOCK,150.0542,150.054,MKT
,1/12/24 09:33:47,STOCK,BUY,+10,TO OPEN,INBX,,,STOCK,37.48,37.48,LMT
,1/11/24 11:33:01,STOCK,BUY,+1,TO OPEN,AMR,,,STOCK,357.63,357.63,LMT
,1/11/24 11:30:14,STOCK,SELL,-1,TO CLOSE,AMR,,,STOCK,357.00,357.00,STP
,1/11/24 09:33:21,STOCK,SELL,-3,TO CLOSE,BHVN,,,STOCK,45.04,45.04,LMT
,1/11/24 09:32:45,STOCK,BUY,+10,TO OPEN,BHVN,,,STOCK,45.19,45.19,LMT
,1/11/24 09:31:23,STOCK,BUY,+5,TO OPEN,PDD,,,STOCK,152.51,152.51,LMT

Equities
Symbol,Description,Qty,Trade Price,Mark,Mark Value
BHVN,BIOHAVEN LTD COM,+7,45.19,44.60,$312.20
AMR,ALPHA METALLURGICAL RESOURCES COM,+1,357.63,358.71,$358.71
,OVERALL TOTALS,,,,$670.91

Profits and Losses
Symbol,Description,P/L Open,P/L %,P/L Day,Margin Req,Mark Value
AMR,ALPHA METALLURGICAL RESOURCES COM,($10.15),-2.75%,($9.29),$251.10,$358.71
BHVN,BIOHAVEN LTD COM,($4.13),-1.31%,($5.18),$156.10,$312.20
GBTC,GRAYSCALE BITCOIN TRUST BTC COM,$0.00,0.00%,$0.00,$0.00,$0.00
HOV,HOVNANIAN ENTERPRISES INC COM CL A,$0.00,0.00%,($14.08),$0.00,$0.00
IMNM,IMMUNOME INC COM,$0.00,0.00%,$20.70,$0.00,$0.00
INBX,INHIBRX INC COM,$0.00,0.00%,$0.00,$0.00,$0.00
PDD,PDD HOLDINGS INC ADR,$0.00,0.00%,$0.00,$0.00,$0.00
,OVERALL TOTALS,($14.28),-2.08%,($7.85),$407.20,$670.91

Account Summary
Net Liquidating Value,"$32,038.68"
Stock Buying Power,"$65,816.72"
Option Buying Power,"$31,631.48"
Equity Commissions & Fees YTD,$41.79
Futures Commissions & Fees YTD,$0.00
Total Commissions & Fees YTD,$41.79
